0 0.000000
1 0.198669
2 0.389418
3 0.564642
4 0.717356
5 0.841471
6 0.932039
7 0.985450
8 0.999574
9 0.973848
10 0.909297
11 0.808496
12 0.675463
13 0.515501
14 0.334988
15 0.141120
16 -0.058375
17 -0.255542
18 -0.442521
19 -0.611858
20 -0.756803
21 -0.871576
22 -0.951602
23 -0.993691
24 -0.996165
25 -0.958924
26 -0.883455
27 -0.772765
28 -0.631267
29 -0.464603
30 -0.279417
31 -0.083091
32 0.116547
33 0.311539
34 0.494111
35 0.656985
36 0.793666
37 0.898707
38 0.967919
39 0.998543
40 0.989359
41 0.940732
42 0.854601
43 0.734399
44 0.584920
45 0.412122
46 0.222894
47 0.024780
48 -0.174322
49 -0.366475
50 -0.544017
51 -0.699871
52 -0.827824
53 -0.922773
54 -0.980935
55 -0.999990
56 -0.979179
57 -0.919331
58 -0.822832
59 -0.693530
60 -0.536579
61 -0.358236
62 -0.165611
63 0.033616
64 0.231503
65 0.420160
66 0.592067
67 0.740371
68 0.859158
69 0.943693
70 0.990606
71 0.998027
72 0.965660
73 0.894795
74 0.788258
75 0.650295
76 0.486407
77 0.303128
78 0.107764
79 -0.091897
80 -0.287893
81 -0.472413
82 -0.638099
83 -0.778346
84 -0.887563
85 -0.961395
86 -0.996900
87 -0.992660
88 -0.948846
89 -0.867204
90 -0.750990
91 -0.604835
92 -0.434568
93 -0.246975
94 -0.049536
95 0.149877
96 0.343316
97 0.523067
98 0.681965
99 0.813676
100 0.000000
101 0.000000
102 0.000000
103 0.000000
104 0.000000
105 0.000000
106 0.000000
107 0.000000
108 0.000000
109 0.000000
110 0.000000
111 0.000000
112 0.000000
113 0.000000
114 0.000000
115 0.000000
116 0.000000
117 0.000000
118 0.000000
119 0.000000
120 0.000000
121 0.000000
122 0.000000
123 0.000000
124 0.000000
125 0.000000
126 0.000000
127 0.000000
128 0.000000
129 0.000000
130 0.000000
131 0.000000
132 0.000000
133 0.000000
134 0.000000
135 0.000000
136 0.000000
137 0.000000
138 0.000000
139 0.000000
140 0.000000
141 0.000000
142 0.000000
143 0.000000
144 0.000000
145 0.000000
146 0.000000
147 0.000000
148 0.000000
149 0.000000
150 0.000000
151 0.000000
152 0.000000
153 0.000000
154 0.000000
155 0.000000
156 0.000000
157 0.000000
158 0.000000
159 0.000000
160 0.000000
161 0.000000
162 0.000000
163 0.000000
164 0.000000
165 0.000000
166 0.000000
167 0.000000
168 0.000000
169 0.000000
170 0.000000
171 0.000000
172 0.000000
173 0.000000
174 0.000000
175 0.000000
176 0.000000
177 0.000000
178 0.000000
179 0.000000
180 0.000000
181 0.000000
182 0.000000
183 0.000000
184 0.000000
185 0.000000
186 0.000000
187 0.000000
188 0.000000
189 0.000000
190 0.000000
191 0.000000
192 0.000000
193 0.000000
194 0.000000
195 0.000000
196 0.000000
197 0.000000
198 0.000000
199 0.000000
200 0.000000
201 0.000000
202 0.000000
203 0.000000
204 0.000000
205 0.000000
206 0.000000
207 0.000000
208 0.000000
209 0.000000
210 0.000000
211 0.000000
212 0.000000
213 0.000000
214 0.000000
215 0.000000
216 0.000000
217 0.000000
218 0.000000
219 0.000000
220 0.000000
221 0.000000
222 0.000000
223 0.000000
224 0.000000
225 0.000000
226 0.000000
227 0.000000
228 0.000000
229 0.000000
230 0.000000
231 0.000000
232 0.000000
233 0.000000
234 0.000000
235 0.000000
236 0.000000
237 0.000000
238 0.000000
239 0.000000
240 0.000000
241 0.000000
242 0.000000
243 0.000000
244 0.000000
245 0.000000
246 0.000000
247 0.000000
248 0.000000
249 0.000000
250 0.000000
251 0.000000
252 0.000000
253 0.000000
254 0.000000
255 0.000000
256 0.000000
257 0.000000
258 0.000000
259 0.000000
260 0.000000
261 0.000000
262 0.000000
263 0.000000
264 0.000000
265 0.000000
266 0.000000
267 0.000000
268 0.000000
269 0.000000
270 0.000000
271 0.000000
272 0.000000
273 0.000000
274 0.000000
275 0.000000
276 0.000000
277 0.000000
278 0.000000
279 0.000000
280 0.000000
281 0.000000
282 0.000000
283 0.000000
284 0.000000
285 0.000000
286 0.000000
287 0.000000
288 0.000000
289 0.000000
290 0.000000
291 0.000000
292 0.000000
293 0.000000
294 0.000000
295 0.000000
296 0.000000
297 0.000000
298 0.000000
299 0.000000
300 0.912947
301 0.975821
302 0.999793
303 0.983906
304 0.928793
305 0.836651
306 0.711155
307 0.557307
308 0.381241
309 0.189976
310 -0.008863
311 -0.207348
312 -0.397568
313 -0.571937
314 -0.723505
315 -0.846229
316 -0.935216
317 -0.986918
318 -0.999275
319 -0.971794
320 -0.905570
321 -0.803244
322 -0.668895
323 -0.507878
324 -0.326614
325 -0.132329
326 0.067232
327 0.264112
328 0.450463
329 0.618855
330 0.762576
331 0.875894
332 0.954294
333 0.994648
334 0.995348
335 0.956367
336 0.879258
337 0.767096
338 0.624352
339 0.456716
340 0.270873
341 0.074230
342 -0.125371
343 -0.319975
344 -0.501822
345 -0.663662
346 -0.799045
347 -0.902572
348 -0.970116
349 -0.998984
350 -0.988025
351 -0.937677
352 -0.849946
353 -0.728330
354 -0.577678
355 -0.403996
356 -0.214207
357 -0.015879
358 0.183083
359 0.374746
360 0.551468
361 0.706205
362 0.832788
363 0.926170
364 0.982628
365 0.999911
366 0.977331
367 0.915788
368 0.817734
369 0.687080
370 0.529034
371 0.349897
372 0.156811
373 -0.042527
374 -0.240170
375 -0.428238
376 -0.599233
377 -0.746338
378 -0.863689
379 -0.946608
380 -0.991787
381 -0.997427
382 -0.963302
383 -0.890774
384 -0.782732
385 -0.643486
386 -0.478585
387 -0.294605
388 -0.098879
389 0.100788
390 0.296438
391 0.480269
392 0.644953
393 0.783925
394 0.891644
395 0.963816
396 0.997563
397 0.991540
398 0.945987
399 0.862721
400 0.000000
401 0.000000
402 0.000000
403 0.000000
404 0.000000
405 0.000000
406 0.000000
407 0.000000
408 0.000000
409 0.000000
410 0.000000
411 0.000000
412 0.000000
413 0.000000
414 0.000000
415 0.000000
416 0.000000
417 0.000000
418 0.000000
419 0.000000
420 0.000000
421 0.000000
422 0.000000
423 0.000000
424 0.000000
425 0.000000
426 0.000000
427 0.000000
428 0.000000
429 0.000000
430 0.000000
431 0.000000
432 0.000000
433 0.000000
434 0.000000
435 0.000000
436 0.000000
437 0.000000
438 0.000000
439 0.000000
440 0.000000
441 0.000000
442 0.000000
443 0.000000
444 0.000000
445 0.000000
446 0.000000
447 0.000000
448 0.000000
449 0.000000
450 0.000000
451 0.000000
452 0.000000
453 0.000000
454 0.000000
455 0.000000
456 0.000000
457 0.000000
458 0.000000
459 0.000000
460 0.000000
461 0.000000
462 0.000000
463 0.000000
464 0.000000
465 0.000000
466 0.000000
467 0.000000
468 0.000000
469 0.000000
470 0.000000
471 0.000000
472 0.000000
473 0.000000
474 0.000000
475 0.000000
476 0.000000
477 0.000000
478 0.000000
479 0.000000
480 0.000000
481 0.000000
482 0.000000
483 0.000000
484 0.000000
485 0.000000
486 0.000000
487 0.000000
488 0.000000
489 0.000000
490 0.000000
491 0.000000
492 0.000000
493 0.000000
494 0.000000
495 0.000000
496 0.000000
497 0.000000
498 0.000000
499 0.000000
500 0.745060
501 0.597696
502 0.426503
503 0.238307
504 0.040610
505 -0.158706
506 -0.351694
507 -0.530662
508 -0.688473
509 -0.818837
510 -0.916557
511 -0.977736
512 -0.999935
513 -0.982270
514 -0.925444
515 -0.831724
516 -0.704845
517 -0.549866
518 -0.372966
519 -0.181196
520 0.017797
521 0.216081
522 0.405750
523 0.579244
524 0.729644
525 0.850956
526 0.938342
527 0.988319
528 0.998895
529 0.969648
530 0.901744
531 0.797890
532 0.662226
533 0.500161
534 0.318156
535 0.123467
536 -0.076144
537 -0.272719
538 -0.458422
539 -0.625849
540 -0.768325
541 -0.880171
542 -0.956926
543 -0.995531
544 -0.994448
545 -0.953718
546 -0.874967
547 -0.761333
548 -0.617347
549 -0.448749
550 -0.262261
551 -0.065317
552 0.134231
553 0.328427
554 0.509530
555 0.670320
556 0.804385
557 0.906383
558 0.972245
559 0.999347
560 0.986607
561 0.934534
562 0.845205
563 0.722179
564 0.570362
565 0.395806
566 0.205471
567 0.006944
568 -0.191860
569 -0.383015
570 -0.558900
571 -0.712503
572 -0.837701
573 -0.929502
574 -0.984247
575 -0.999752
576 -0.975400
577 -0.912162
578 -0.812558
579 -0.680561
580 -0.521431
581 -0.341513
582 -0.147980
583 0.051453
584 0.248834
585 0.436295
586 0.606362
587 0.752255
588 0.868158
589 0.949450
590 0.992890
591 0.996747
592 0.960866
593 0.886678
594 0.777140
595 0.636620
596 0.470720
597 0.286054
598 0.089984
599 -0.109674
