0 0.000000
1 0.295520
2 0.564642
3 0.783327
4 0.932039
5 0.997495
6 0.973848
7 0.863209
8 0.675463
9 0.427380
10 0.141120
11 -0.157745
12 -0.442520
13 -0.687766
14 -0.871576
15 -0.977530
16 -0.996165
17 -0.925815
18 -0.772764
19 -0.550685
20 -0.279415
21 0.016815
22 0.311543
23 0.578441
24 0.793669
25 0.938001
26 0.998543
27 0.969889
28 0.854598
29 0.662967
30 0.412116
31 0.124451
32 -0.174330
33 -0.457539
34 -0.699877
35 -0.879698
36 -0.980937
37 -0.994552
38 -0.919327
39 -0.761981
40 -0.536569
41 -0.263227
42 0.033628
43 0.327479
44 0.592078
45 0.803788
46 0.943698
47 0.999310
48 0.965656
49 0.845743
50 0.650283
51 0.396734
52 0.107747
53 -0.190866
54 -0.472428
55 -0.711789
56 -0.887569
57 -0.984066
58 -0.992659
59 -0.912581
60 -0.750986
61 -0.522308
62 -0.246973
63 0.050422
64 0.343314
65 0.605538
66 0.813672
67 0.949124
68 0.999793
69 0.961154
70 0.836659
71 0.637428
72 0.381257
73 0.091030
74 -0.207328
75 -0.487166
76 -0.723488
77 -0.895182
78 -0.986914
79 -0.990487
80 -0.905584
81 -0.739788
82 -0.507909
83 -0.230661
84 0.067192
85 0.359042
86 0.618821
87 0.823322
88 0.954279
89 0.999994
90 0.956382
91 0.827340
92 0.624395
93 0.365674
94 0.074289
95 -0.223731
96 -0.501767
97 -0.734982
98 -0.902543
99 -0.989483
100 0.000000
101 0.099833
102 0.198669
103 0.295520
104 0.389418
105 0.479426
106 0.564642
107 0.644218
108 0.717356
109 0.783327
110 0.841471
111 0.891207
112 0.932039
113 0.963558
114 0.985450
115 0.997495
116 0.999574
117 0.991665
118 0.973848
119 0.946300
120 0.909297
121 0.863209
122 0.808496
123 0.745705
124 0.675463
125 0.598472
126 0.515502
127 0.427380
128 0.334989
129 0.239250
130 0.141121
131 0.041581
132 -0.058373
133 -0.157745
134 -0.255540
135 -0.350782
136 -0.442519
137 -0.529835
138 -0.611857
139 -0.687765
140 -0.756801
141 -0.818276
142 -0.871575
143 -0.916165
144 -0.951602
145 -0.977530
146 -0.993691
147 -0.999923
148 -0.996165
149 -0.982453
150 -0.958925
151 -0.925816
152 -0.883456
153 -0.832269
154 -0.772766
155 -0.705542
156 -0.631269
157 -0.550688
158 -0.464605
159 -0.373880
160 -0.279419
161 -0.182166
162 -0.083093
163 0.016810
164 0.116546
165 0.215116
166 0.311538
167 0.404846
168 0.494110
169 0.578436
170 0.656983
171 0.728966
172 0.793665
173 0.850434
174 0.898706
175 0.937998
176 0.967918
177 0.988167
178 0.998543
179 0.998942
180 0.989359
181 0.969891
182 0.940732
183 0.902174
184 0.854601
185 0.798489
186 0.734399
187 0.662971
188 0.584919
189 0.501023
190 0.412120
191 0.319100
192 0.222891
193 0.124455
194 0.024776
195 -0.075151
196 -0.174327
197 -0.271761
198 -0.366480
199 -0.457537
200 -0.544023
201 -0.625072
202 -0.699877
203 -0.767688
204 -0.827828
205 -0.879698
206 -0.922777
207 -0.956636
208 -0.980937
209 -0.995437
210 -0.999990
211 -0.994552
212 -0.979176
213 -0.954017
214 -0.919326
215 -0.875448
216 -0.822824
217 -0.761978
218 -0.693519
219 -0.618130
220 -0.536565
221 -0.449639
222 -0.358220
223 -0.263221
224 -0.165593
225 -0.066310
226 0.033635
227 0.133244
228 0.231522
229 0.327487
230 0.420179
231 0.508673
232 0.592085
233 0.669581
234 0.740386
235 0.803793
236 0.859170
237 0.905962
238 0.943701
239 0.972011
240 0.990610
241 0.999310
242 0.998026
243 0.986769
244 0.965653
245 0.934888
246 0.894782
247 0.845736
248 0.788240
249 0.722867
250 0.650272
251 0.571179
252 0.486380
253 0.396720
254 0.303097
255 0.206445
256 0.107731
257 0.007940
258 -0.091931
259 -0.190883
260 -0.287927
261 -0.382095
262 -0.472445
263 -0.558074
264 -0.638127
265 -0.711804
266 -0.778369
267 -0.837157
268 -0.887580
269 -0.929134
270 -0.961405
271 -0.984070
272 -0.996902
273 -0.999774
274 -0.992656
275 -0.975619
276 -0.948835
277 -0.912570
278 -0.867186
279 -0.813138
280 -0.750966
281 -0.681290
282 -0.604806
283 -0.522280
284 -0.434535
285 -0.342448
286 -0.246940
287 -0.148964
288 -0.049500
289 0.050459
290 0.149913
291 0.247870
292 0.343350
293 0.435399
294 0.523098
295 0.605570
296 0.681992
297 0.751599
298 0.813697
299 0.867664
300 -0.988036
301 -0.898331
302 -0.728381
303 -0.493368
304 -0.214283
305 0.083942
306 0.374669
307 0.631930
308 0.832741
309 0.959166
310 0.999912
311 0.951340
312 0.817787
313 0.611184
314 0.349986
315 0.057526
316 -0.240074
317 -0.516228
318 -0.746270
319 -0.909650
320 -0.991773
321 -0.985306
322 -0.890824
323 -0.716768
324 -0.478685
325 -0.197844
326 0.100671
327 0.390193
328 0.644860
329 0.841924
330 0.963782
331 0.999549
332 0.946029
333 0.808004
334 0.597803
335 0.334202
336 0.040747
337 -0.256347
338 -0.530542
339 -0.757346
340 -0.916499
341 -0.993784
342 -0.982298
343 -0.883066
344 -0.704953
345 -0.463870
346 -0.181350
347 0.117369
348 0.405604
349 0.657608
350 0.850869
351 0.968126
352 0.998903
353 0.940452
354 0.797993
355 0.584252
356 0.318322
357 0.023958
358 -0.272547
359 -0.544706
360 -0.768208
361 -0.923089
362 -0.995514
363 -0.979012
364 -0.875059
365 -0.692940
366 -0.448923
367 -0.164805
368 0.134034
369 0.420901
370 0.670170
371 0.859575
372 0.972197
373 0.997976
374 0.934609
375 0.787757
376 0.570537
377 0.302353
378 0.007161
379 -0.288670
380 -0.558716
381 -0.778854
382 -0.929419
383 -0.996963
384 -0.975451
385 -0.866805
386 -0.680731
387 -0.433849
388 -0.148214
389 0.150662
390 0.436079
391 0.682543
392 0.868037
393 0.975993
394 0.996767
395 0.928503
396 0.777299
397 0.556661
398 0.286299
399 -0.009637
400 0.912962
401 0.949137
402 0.975829
403 0.992771
404 0.999794
405 0.996826
406 0.983899
407 0.961141
408 0.928779
409 0.887137
410 0.836632
411 0.777766
412 0.711130
413 0.637388
414 0.557277
415 0.471599
416 0.381208
417 0.287008
418 0.189941
419 0.090975
420 -0.008899
421 -0.108684
422 -0.207384
423 -0.304011
424 -0.397601
425 -0.487218
426 -0.571967
427 -0.651000
428 -0.723530
429 -0.788830
430 -0.846248
431 -0.895211
432 -0.935228
433 -0.965902
434 -0.986924
435 -0.998085
436 -0.999274
437 -0.990478
438 -0.971786
439 -0.943383
440 -0.905555
441 -0.858678
442 -0.803222
443 -0.739741
444 -0.668868
445 -0.591311
446 -0.507847
447 -0.419308
448 -0.326580
449 -0.230589
450 -0.132293
451 -0.032676
452 0.067268
453 0.166539
454 0.264147
455 0.359115
456 0.450495
457 0.537374
458 0.618884
459 0.694210
460 0.762599
461 0.823369
462 0.875912
463 0.919703
464 0.954304
465 0.979371
466 0.994651
467 0.999994
468 0.995345
469 0.980750
470 0.956356
471 0.922407
472 0.879241
473 0.827290
474 0.767073
475 0.699191
476 0.624323
477 0.543217
478 0.456684
479 0.365587
480 0.270838
481 0.173382
482 0.074194
483 -0.025735
484 -0.125407
485 -0.223826
486 -0.320009
487 -0.412994
488 -0.501853
489 -0.585697
490 -0.663690
491 -0.735050
492 -0.799067
493 -0.855099
494 -0.902587
495 -0.941057
496 -0.970124
497 -0.989498
498 -0.998985
499 -0.998491
500 -0.304713
501 -0.572569
502 -0.789280
503 -0.935487
504 -0.998130
505 -0.971614
506 -0.858307
507 -0.668330
508 -0.418654
509 -0.131580
510 0.167247
511 0.451134
512 0.694723
513 0.876255
514 0.979515
515 0.995276
516 0.922130
517 0.766611
518 0.542612
519 0.270142
520 -0.026460
521 -0.320697
522 -0.586288
523 -0.799506
524 -0.941305
525 -0.999018
526 -0.967490
527 -0.849538
528 -0.655697
529 -0.403284
530 -0.114845
531 0.183852
532 0.466126
533 0.706761
534 0.884263
535 0.982774
536 0.993495
537 0.915469
538 0.755664
539 0.528357
540 0.253853
541 -0.043328
542 -0.336638
543 -0.599877
544 -0.809530
545 -0.946868
546 -0.999624
547 -0.963084
548 -0.840513
549 -0.642860
550 -0.387782
551 -0.098063
552 0.200416
553 0.480992
554 0.718601
555 0.892019
556 0.985753
557 0.991432
558 0.908547
559 0.744502
560 0.513952
561 0.237492
562 -0.060184
563 -0.352483
564 -0.613296
565 -0.819323
566 -0.952161
567 -0.999944
568 -0.958403
569 -0.831249
570 -0.629841
571 -0.372169
572 -0.081252
573 0.216923
574 0.495721
575 0.730236
576 0.899520
577 0.988452
578 0.989086
579 0.901366
580 0.733128
581 0.499401
582 0.221063
583 -0.077023
584 -0.368228
585 -0.626539
586 -0.828883
587 -0.957184
588 -0.999980
589 -0.953449
590 -0.821748
591 -0.616641
592 -0.356451
593 -0.064418
594 0.233368
595 0.510308
596 0.741663
597 0.906766
598 0.990868
599 0.986458
