0 0.000000
1 -0.099833
2 -0.198669
3 -0.295520
4 -0.389418
5 -0.479426
6 -0.564642
7 -0.644218
8 -0.717356
9 -0.783327
10 -0.841471
11 -0.891207
12 -0.932039
13 -0.963558
14 -0.985450
15 -0.997495
16 -0.999574
17 -0.991665
18 -0.973848
19 -0.946300
20 -0.909297
21 -0.863209
22 -0.808496
23 -0.745705
24 -0.675463
25 -0.598472
26 -0.515502
27 -0.427380
28 -0.334989
29 -0.239250
30 -0.141121
31 -0.041581
32 0.058373
33 0.157745
34 0.255540
35 0.350782
36 0.442519
37 0.529835
38 0.611857
39 0.687765
40 0.756801
41 0.818276
42 0.871575
43 0.916165
44 0.951602
45 0.977530
46 0.993691
47 0.999923
48 0.996165
49 0.982453
50 0.958925
51 0.925816
52 0.883456
53 0.832269
54 0.772766
55 0.705542
56 0.631269
57 0.550688
58 0.464605
59 0.373880
60 0.279419
61 0.182166
62 0.083093
63 -0.016810
64 -0.116546
65 -0.215116
66 -0.311538
67 -0.404846
68 -0.494110
69 -0.578436
70 -0.656983
71 -0.728966
72 -0.793665
73 -0.850434
74 -0.898706
75 -0.937998
76 -0.967918
77 -0.988167
78 -0.998543
79 -0.998942
80 -0.989359
81 -0.969891
82 -0.940732
83 -0.902174
84 -0.854601
85 -0.798489
86 -0.734399
87 -0.662971
88 -0.584919
89 -0.501023
90 -0.412120
91 -0.319100
92 -0.222891
93 -0.124455
94 -0.024776
95 0.075151
96 0.174327
97 0.271761
98 0.366480
99 0.457537
100 0.544023
101 0.457537
102 0.366480
103 0.271761
104 0.174327
105 0.075151
106 -0.024776
107 -0.124455
108 -0.222891
109 -0.319100
110 -0.412120
111 -0.501023
112 -0.584919
113 -0.662971
114 -0.734399
115 -0.798489
116 -0.854601
117 -0.902174
118 -0.940732
119 -0.969891
120 -0.989359
121 -0.998942
122 -0.998543
123 -0.988167
124 -0.967918
125 -0.937998
126 -0.898706
127 -0.850434
128 -0.793665
129 -0.728966
130 -0.656983
131 -0.578436
132 -0.494110
133 -0.404846
134 -0.311538
135 -0.215116
136 -0.116546
137 -0.016810
138 0.083093
139 0.182166
140 0.279419
141 0.373880
142 0.464605
143 0.550688
144 0.631269
145 0.705542
146 0.772766
147 0.832269
148 0.883456
149 0.925816
150 0.958925
151 0.982453
152 0.996165
153 0.999923
154 0.993691
155 0.977530
156 0.951602
157 0.916165
158 0.871575
159 0.818276
160 0.756802
161 0.687765
162 0.611857
163 0.529835
164 0.442520
165 0.350782
166 0.255540
167 0.157745
168 0.058373
169 -0.041581
170 -0.141120
171 -0.239250
172 -0.334988
173 -0.427380
174 -0.515501
175 -0.598472
176 -0.675463
177 -0.745705
178 -0.808496
179 -0.863209
180 -0.909297
181 -0.946300
182 -0.973848
183 -0.991665
184 -0.999574
185 -0.997495
186 -0.985450
187 -0.963558
188 -0.932039
189 -0.891207
190 -0.841471
191 -0.783327
192 -0.717356
193 -0.644218
194 -0.564643
195 -0.479426
196 -0.389418
197 -0.295520
198 -0.198669
199 -0.099834
200 -0.000000
201 0.099833
202 0.198669
203 0.295520
204 0.389418
205 0.479425
206 0.564642
207 0.644218
208 0.717356
209 0.783327
210 0.841471
211 0.891207
212 0.932039
213 0.963558
214 0.985450
215 0.997495
216 0.999574
217 0.991665
218 0.973848
219 0.946300
220 0.909297
221 0.863209
222 0.808497
223 0.745705
224 0.675463
225 0.598473
226 0.515502
227 0.427380
228 0.334989
229 0.239250
230 0.141121
231 0.041582
232 -0.058373
233 -0.157744
234 -0.255540
235 -0.350782
236 -0.442519
237 -0.529835
238 -0.611857
239 -0.687765
240 -0.756801
241 -0.818276
242 -0.871575
243 -0.916165
244 -0.951601
245 -0.977530
246 -0.993691
247 -0.999923
248 -0.996165
249 -0.982453
250 -0.958925
251 -0.925816
252 -0.883456
253 -0.832269
254 -0.772767
255 -0.705543
256 -0.631269
257 -0.550689
258 -0.464605
259 -0.373880
260 -0.279419
261 -0.182166
262 -0.083093
263 0.016810
264 0.116545
265 0.215116
266 0.311537
267 0.404846
268 0.494109
269 0.578436
270 0.656983
271 0.728966
272 0.793665
273 0.850434
274 0.898706
275 0.937998
276 0.967918
277 0.988167
278 0.998543
279 0.998942
280 0.989359
281 0.969891
282 0.940732
283 0.902174
284 0.854601
285 0.798489
286 0.734399
287 0.662971
288 0.584919
289 0.501023
290 0.412120
291 0.319100
292 0.222891
293 0.124455
294 0.024776
295 -0.075151
296 -0.174327
297 -0.271761
298 -0.366480
299 -0.457537
300 -0.544023
301 -0.457537
302 -0.366480
303 -0.271761
304 -0.174327
305 -0.075151
306 0.024776
307 0.124455
308 0.222891
309 0.319100
310 0.412120
311 0.501023
312 0.584919
313 0.662971
314 0.734399
315 0.798489
316 0.854601
317 0.902174
318 0.940732
319 0.969891
320 0.989359
321 0.998942
322 0.998543
323 0.988167
324 0.967918
325 0.937998
326 0.898706
327 0.850434
328 0.793665
329 0.728966
330 0.656983
331 0.578436
332 0.494110
333 0.404846
334 0.311538
335 0.215116
336 0.116546
337 0.016810
338 -0.083093
339 -0.182166
340 -0.279419
341 -0.373880
342 -0.464605
343 -0.550688
344 -0.631269
345 -0.705542
346 -0.772766
347 -0.832269
348 -0.883456
349 -0.925816
350 -0.958925
351 -0.982453
352 -0.996165
353 -0.999923
354 -0.993691
355 -0.977530
356 -0.951602
357 -0.916165
358 -0.871575
359 -0.818276
360 -0.756802
361 -0.687765
362 -0.611857
363 -0.529835
364 -0.442520
365 -0.350782
366 -0.255540
367 -0.157745
368 -0.058373
369 0.041581
370 0.141120
371 0.239250
372 0.334988
373 0.427380
374 0.515501
375 0.598472
376 0.675463
377 0.745705
378 0.808496
379 0.863209
380 0.909297
381 0.946300
382 0.973848
383 0.991665
384 0.999574
385 0.997495
386 0.985450
387 0.963558
388 0.932039
389 0.891207
390 0.841471
391 0.783327
392 0.717356
393 0.644218
394 0.564643
395 0.479426
396 0.389418
397 0.295520
398 0.198669
399 0.099834
400 0.000000
401 0.099834
402 0.198669
403 0.295520
404 0.389418
405 0.479426
406 0.564643
407 0.644218
408 0.717356
409 0.783327
410 0.841471
411 0.891207
412 0.932039
413 0.963558
414 0.985450
415 0.997495
416 0.999574
417 0.991665
418 0.973848
419 0.946300
420 0.909297
421 0.863209
422 0.808496
423 0.745705
424 0.675463
425 0.598472
426 0.515501
427 0.427380
428 0.334988
429 0.239250
430 0.141120
431 0.041581
432 -0.058373
433 -0.157745
434 -0.255540
435 -0.350782
436 -0.442520
437 -0.529835
438 -0.611857
439 -0.687765
440 -0.756802
441 -0.818276
442 -0.871575
443 -0.916165
444 -0.951602
445 -0.977530
446 -0.993691
447 -0.999923
448 -0.996165
449 -0.982453
450 -0.958925
451 -0.925816
452 -0.883456
453 -0.832269
454 -0.772766
455 -0.705542
456 -0.631269
457 -0.550688
458 -0.464605
459 -0.373880
460 -0.279419
461 -0.182166
462 -0.083093
463 0.016810
464 0.116546
465 0.215116
466 0.311538
467 0.404846
468 0.494110
469 0.578436
470 0.656983
471 0.728966
472 0.793665
473 0.850434
474 0.898706
475 0.937998
476 0.967918
477 0.988167
478 0.998543
479 0.998942
480 0.989359
481 0.969891
482 0.940732
483 0.902174
484 0.854601
485 0.798489
486 0.734399
487 0.662971
488 0.584919
489 0.501023
490 0.412120
491 0.319100
492 0.222891
493 0.124455
494 0.024776
495 -0.075151
496 -0.174327
497 -0.271761
498 -0.366480
499 -0.457537
500 -0.544023
501 -0.457537
502 -0.366480
503 -0.271761
504 -0.174327
505 -0.075151
506 0.024776
507 0.124455
508 0.222891
509 0.319100
510 0.412120
511 0.501023
512 0.584919
513 0.662971
514 0.734399
515 0.798489
516 0.854601
517 0.902174
518 0.940732
519 0.969891
520 0.989359
521 0.998942
522 0.998543
523 0.988167
524 0.967918
525 0.937998
526 0.898706
527 0.850434
528 0.793665
529 0.728966
530 0.656983
531 0.578436
532 0.494110
533 0.404846
534 0.311538
535 0.215116
536 0.116546
537 0.016810
538 -0.083093
539 -0.182166
540 -0.279419
541 -0.373880
542 -0.464605
543 -0.550688
544 -0.631269
545 -0.705542
546 -0.772766
547 -0.832269
548 -0.883456
549 -0.925816
550 -0.958925
551 -0.982453
552 -0.996165
553 -0.999923
554 -0.993691
555 -0.977530
556 -0.951602
557 -0.916165
558 -0.871575
559 -0.818276
560 -0.756802
561 -0.687765
562 -0.611857
563 -0.529835
564 -0.442520
565 -0.350782
566 -0.255540
567 -0.157745
568 -0.058373
569 0.041581
570 0.141120
571 0.239250
572 0.334988
573 0.427380
574 0.515501
575 0.598472
576 0.675463
577 0.745705
578 0.808496
579 0.863209
580 0.909297
581 0.946300
582 0.973848
583 0.991665
584 0.999574
585 0.997495
586 0.985450
587 0.963558
588 0.932039
589 0.891207
590 0.841471
591 0.783327
592 0.717356
593 0.644218
594 0.564643
595 0.479426
596 0.389418
597 0.295520
598 0.198669
599 0.099834
